  0.0000000e+000  5.0000000e-001
  1.0000000e-001  4.6017216e-001
  2.0000000e-001  4.2074029e-001
  3.0000000e-001  3.8208858e-001
  4.0000000e-001  3.4457826e-001
  5.0000000e-001  3.0853754e-001
  6.0000000e-001  2.7425312e-001
  7.0000000e-001  2.4196365e-001
  8.0000000e-001  2.1185540e-001
  9.0000000e-001  1.8406013e-001
  1.0000000e+000  1.5865525e-001
  1.1000000e+000  1.3566606e-001
  1.2000000e+000  1.1506967e-001
  1.3000000e+000  9.6800485e-002
  1.4000000e+000  8.0756659e-002
  1.5000000e+000  6.6807201e-002
  1.6000000e+000  5.4799292e-002
  1.7000000e+000  4.4565463e-002
  1.8000000e+000  3.5930319e-002
  1.9000000e+000  2.8716560e-002
  2.0000000e+000  2.2750132e-002
  2.1000000e+000  1.7864421e-002
  2.2000000e+000  1.3903448e-002
  2.3000000e+000  1.0724110e-002
  2.4000000e+000  8.1975359e-003
  2.5000000e+000  6.2096653e-003
  2.6000000e+000  4.6611880e-003
  2.7000000e+000  3.4669738e-003
  2.8000000e+000  2.5551303e-003
  2.9000000e+000  1.8658133e-003
  3.0000000e+000  1.3498980e-003
  3.1000000e+000  9.6760321e-004
  3.2000000e+000  6.8713794e-004
  3.3000000e+000  4.8342414e-004
  3.4000000e+000  3.3692927e-004
  3.5000000e+000  2.3262908e-004
  3.6000000e+000  1.5910859e-004
  3.7000000e+000  1.0779973e-004
  3.8000000e+000  7.2348044e-005
  3.9000000e+000  4.8096344e-005
  4.0000000e+000  3.1671242e-005
  4.1000000e+000  2.0657507e-005
  4.2000000e+000  1.3345749e-005
  4.3000000e+000  8.5399055e-006
  4.4000000e+000  5.4125439e-006
  4.5000000e+000  3.3976731e-006
  4.6000000e+000  2.1124547e-006
  4.7000000e+000  1.3008075e-006
  4.8000000e+000  7.9332815e-007
  4.9000000e+000  4.7918328e-007
  5.0000000e+000  2.8665157e-007
