  0.0000000e+000  1.0000000e+000  1.0000000e+000
  2.0000000e-001  9.9334665e-001  9.8673757e-001
  4.0000000e-001  9.7354586e-001  9.4779153e-001
  6.0000000e-001  9.4107079e-001  8.8561423e-001
  8.0000000e-001  8.9669511e-001  8.0406213e-001
  1.0000000e+000  8.4147098e-001  7.0807342e-001
  1.2000000e+000  7.7669924e-001  6.0326171e-001
  1.4000000e+000  7.0389266e-001  4.9546488e-001
  1.6000000e+000  6.2473350e-001  3.9029195e-001
  1.8000000e+000  5.4102646e-001  2.9270963e-001
  2.0000000e+000  4.5464871e-001  2.0670545e-001
  2.2000000e+000  3.6749837e-001  1.3505505e-001
  2.4000000e+000  2.8144299e-001  7.9210158e-002
  2.6000000e+000  1.9826976e-001  3.9310897e-002
  2.8000000e+000  1.1963863e-001  1.4313401e-002
  3.0000000e+000  4.7040003e-002  2.2127619e-003
  3.2000000e+000 -1.8241920e-002  3.3276764e-004
  3.4000000e+000 -7.5159148e-002  5.6488975e-003
  3.6000000e+000 -1.2292235e-001  1.5109903e-002
  3.8000000e+000 -1.6101523e-001  2.5925906e-002
  4.0000000e+000 -1.8920062e-001  3.5796876e-002
  4.2000000e+000 -2.0751804e-001  4.3063737e-002
  4.4000000e+000 -2.1627320e-001  4.6774096e-002
  4.6000000e+000 -2.1601978e-001  4.6664547e-002
  4.8000000e+000 -2.0753429e-001  4.3070483e-002
  5.0000000e+000 -1.9178485e-001  3.6781431e-002
  5.2000000e+000 -1.6989513e-001  2.8864354e-002
  5.4000000e+000 -1.4310453e-001  2.0478908e-002
  5.6000000e+000 -1.1272619e-001  1.2707193e-002
  5.8000000e+000 -8.0103824e-002  6.4166226e-003
  6.0000000e+000 -4.6569250e-002  2.1686950e-003
  6.2000000e+000 -1.3401517e-002  1.7960065e-004
  6.4000000e+000  1.8210813e-002  3.3163372e-004
  6.6000000e+000  4.7203237e-002  2.2281456e-003
  6.8000000e+000  7.2663728e-002  5.2800174e-003
  7.0000000e+000  9.3855228e-002  8.8088039e-003
  7.2000000e+000  1.1023165e-001  1.2151016e-002
  7.4000000e+000  1.2144704e-001  1.4749384e-002
  7.6000000e+000  1.2735785e-001  1.6220022e-002
  7.8000000e+000  1.2801838e-001  1.6388705e-002
  8.0000000e+000  1.2366978e-001  1.5294215e-002
  8.2000000e+000  1.1472324e-001  1.3161421e-002
  8.4000000e+000  1.0173797e-001  1.0350614e-002
  8.6000000e+000  8.5395011e-002  7.2923080e-003
  8.8000000e+000  6.6467863e-002  4.4179768e-003
  9.0000000e+000  4.5790943e-002  2.0968104e-003
  9.2000000e+000  2.4227165e-002  5.8695550e-004
  9.4000000e+000  2.6356836e-003  6.9468278e-006
  9.6000000e+000 -1.8159040e-002  3.2975072e-004
  9.8000000e+000 -3.7395830e-002  1.3984481e-003
  1.0000000e+001 -5.4402111e-002  2.9595897e-003
