  0.0000000e+000 -2.4593576e-001
  1.0000000e+000  4.3472746e-002
  2.0000000e+000  2.5463031e-001
  3.0000000e+000  5.8379379e-002
  4.0000000e+000 -2.1960269e-001
  5.0000000e+000 -2.3406153e-001
  6.0000000e+000 -1.4458842e-002
  7.0000000e+000  2.1671092e-001
  8.0000000e+000  3.1785413e-001
  9.0000000e+000  2.9185569e-001
  1.0000000e+001  2.0748611e-001
  1.1000000e+001  1.2311653e-001
  1.2000000e+001  6.3370255e-002
  1.3000000e+001  2.8972084e-002
  1.4000000e+001  1.1957163e-002
  1.5000000e+001  4.5079731e-003
  1.6000000e+001  1.5667562e-003
